     SM#    L1_Cuf    L1_Tds    L2_Cuf    L2_Tds    L3_Cuf    L3_Tds  L1_EVS  L2_EVS  L3_EVS  L1_ECR  L1_CRP  L2_ECR  L2_CRP  L3_ECR  L3_CRP  L1_ECS  L2_ECS  L3_ECS  L1_EBY  L2_EBY  L3_EBY  L1_EIG  L1_IGT  L1_IGM  L2_EIG  L2_IGT  L2_IGM  L3_EIG  L3_IGT  L3_IGM
       1     10000  4000.000     10000  4000.000     10000  4000.000       0       0       0       0     100       0     100       0     100       0       0       0       0       0       0       0       0       0       0       0       0       0       0       0
       2     10000  4000.000     10000  4000.000     10000  4000.000       0       0       0       0     100       0     100       0     100       0       0       0       0       0       0       0       0       0       0       0       0       0       0       0
       3     10000  4000.000     10000  4000.000     10000  4000.000       0       0       0       0     100       0     100       0     100       0       0       0       0       0       0       0       0       0       0       0       0       0       0       0
       4     10000  4000.000     10000  4000.000     10000  4000.000       0       0       0       0     100       0     100       0     100       0       0       0       0       0       0       0       0       0       0       0       0       0       0       0
       5     10000  4000.000     10000  4000.000     10000  4000.000       0       0       0       0     100       0     100       0     100       0       0       0       0       0       0       0       0       0       0       0       0       0       0       0
       6     10000  4000.000     10000  4000.000     10000  4000.000       0       0       0       0     100       0     100       0     100       0       0       0       0       0       0       0       0       0       0       0       0       0       0       0
       7     10000  4000.000     10000  4000.000     10000  4000.000       0       0       0       0     100       0     100       0     100       0       0       0       0       0       0       0       0       0       0       0       0       0       0       0
       8     10000  4000.000     10000  4000.000     10000  4000.000       0       0       0       0     100       0     100       0     100       0       0       0       0       0       0       0       0       0       0       0       0       0       0       0
       9     10000  4000.000     10000  4000.000     10000  4000.000       0       0       0       0     100       0     100       0     100       0       0       0       0       0       0       0       0       0       0       0       0       0       0       0
      10     10000  4000.000     10000  4000.000     10000  4000.000       0       0       0       0     100       0     100       0     100       0       0       0       0       0       0       0       0       0       0       0       0       0       0       0
      11     10000  4000.000     10000  4000.000     10000  4000.000       0       0       0       0     100       0     100       0     100       0       0       0       0       0       0       0       0       0       0       0       0       0       0       0
      12     10000  4000.000     10000  4000.000     10000  4000.000       0       0       0       0     100       0     100       0     100       0       0       0       0       0       0       0       0       0       0       0       0       0       0       0
      13     10000  4000.000     10000  4000.000     10000  4000.000       0       0       0       0     100       0     100       0     100       0       0       0       0       0       0       0       0       0       0       0       0       0       0       0
      14     10000  4000.000     10000  4000.000     10000  4000.000       0       0       0       0     100       0     100       0     100       0       0       0       0       0       0       0       0       0       0       0       0       0       0       0
      15     10000  4000.000     10000  4000.000     10000  4000.000       0       0       0       0     100       0     100       0     100       0       0       0       0       0       0       0       0       0       0       0       0       0       0       0
      16     10000  4000.000     10000  4000.000     10000  4000.000       0       0       0       0     100       0     100       0     100       0       0       0       0       0       0       0       0       0       0       0       0       0       0       0
      17     10000  4000.000     10000  4000.000     10000  4000.000       0       0       0       0     100       0     100       0     100       0       0       0       0       0       0       0       0       0       0       0       0       0       0       0
      18     10000  4000.000     10000  4000.000     10000  4000.000       0       0       0       0     100       0     100       0     100       0       0       0       0       0       0       0       0       0       0       0       0       0       0       0
      19     10000  4000.000     10000  4000.000     10000  4000.000       0       0       0       0     100       0     100       0     100       0       0       0       0       0       0       0       0       0       0       0       0       0       0       0
      20     10000  4000.000     10000  4000.000     10000  4000.000       0       0       0       0     100       0     100       0     100       0       0       0       0       0       0       0       0       0       0       0       0       0       0       0
      21     10000  4000.000     10000  4000.000     10000  4000.000       0       0       0       0     100       0     100       0     100       0       0       0       0       0       0       0       0       0       0       0       0       0       0       0
      22     10000  4000.000     10000  4000.000     10000  4000.000       0       0       0       0     100       0     100       0     100       0       0       0       0       0       0       0       0       0       0       0       0       0       0       0
      23     10000  4000.000     10000  4000.000     10000  4000.000       0       0       0       0     100       0     100       0     100       0       0       0       0       0       0       0       0       0       0       0       0       0       0       0
      24     10000  4000.000     10000  4000.000     10000  4000.000       0       0       0       0     100       0     100       0     100       0       0       0       0       0       0       0       0       0       0       0       0       0       0       0
      25     10000  4000.000     10000  4000.000     10000  4000.000       0       0       0       0     100       0     100       0     100       0       0       0       0       0       0       0       0       0       0       0       0       0       0       0
      26     10000  4000.000     10000  4000.000     10000  4000.000       0       0       0       0     100       0     100       0     100       0       0       0       0       0       0       0       0       0       0       0       0       0       0       0
      27     10000  4000.000     10000  4000.000     10000  4000.000       0       0       0       0     100       0     100       0     100       0       0       0       0       0       0       0       0       0       0       0       0       0       0       0
      28     10000  4000.000     10000  4000.000     10000  4000.000       0       0       0       0     100       0     100       0     100       0       0       0       0       0       0       0       0       0       0       0       0       0       0       0
      29     10000  4000.000     10000  4000.000     10000  4000.000       0       0       0       0     100       0     100       0     100       0       0       0       0       0       0       0       0       0       0       0       0       0       0       0
      30     10000  4000.000     10000  4000.000     10000  4000.000       0       0       0       0     100       0     100       0     100       0       0       0       0       0       0       0       0       0       0       0       0       0       0       0
      31     10000  4000.000     10000  4000.000     10000  4000.000       0       0       0       0     100       0     100       0     100       0       0       0       0       0       0       0       0       0       0       0       0       0       0       0
      32     10000  4000.000     10000  4000.000     10000  4000.000       0       0       0       0     100       0     100       0     100       0       0       0       0       0       0       0       0       0       0       0       0       0       0       0
      33     10000  4000.000     10000  4000.000     10000  4000.000       0       0       0       0     100       0     100       0     100       0       0       0       0       0       0       0       0       0       0       0       0       0       0       0
      34     10000  4000.000     10000  4000.000     10000  4000.000       0       0       0       0     100       0     100       0     100       0       0       0       0       0       0       0       0       0       0       0       0       0       0       0
      35     10000  4000.000     10000  4000.000     10000  4000.000       0       0       0       0     100       0     100       0     100       0       0       0       0       0       0       0       0       0       0       0       0       0       0       0
      36     10000  4000.000     10000  4000.000     10000  4000.000       0       0       0       0     100       0     100       0     100       0       0       0       0       0       0       0       0       0       0       0       0       0       0       0
      37     10000  4000.000     10000  4000.000     10000  4000.000       0       0       0       0     100       0     100       0     100       0       0       0       0       0       0       0       0       0       0       0       0       0       0       0
      38     10000  4000.000     10000  4000.000     10000  4000.000       0       0       0       0     100       0     100       0     100       0       0       0       0       0       0       0       0       0       0       0       0       0       0       0
      39     10000  4000.000     10000  4000.000     10000  4000.000       0       0       0       0     100       0     100       0     100       0       0       0       0       0       0       0       0       0       0       0       0       0       0       0
      40     10000  4000.000     10000  4000.000     10000  4000.000       0       0       0       0     100       0     100       0     100       0       0       0       0       0       0       0       0       0       0       0       0       0       0       0
      41     10000  4000.000     10000  4000.000     10000  4000.000       0       0       0       0     100       0     100       0     100       0       0       0       0       0       0       0       0       0       0       0       0       0       0       0
      42     10000  4000.000     10000  4000.000     10000  4000.000       0       0       0       0     100       0     100       0     100       0       0       0       0       0       0       0       0       0       0       0       0       0       0       0
      43     10000  4000.000     10000  4000.000     10000  4000.000       0       0       0       0     100       0     100       0     100       0       0       0       0       0       0       0       0       0       0       0       0       0       0       0
      44     10000  4000.000     10000  4000.000     10000  4000.000       0       0       0       0     100       0     100       0     100       0       0       0       0       0       0       0       0       0       0       0       0       0       0       0
      45     10000  4000.000     10000  4000.000     10000  4000.000       0       0       0       0     100       0     100       0     100       0       0       0       0       0       0       0       0       0       0       0       0       0       0       0
      46     10000  4000.000     10000  4000.000     10000  4000.000       0       0       0       0     100       0     100       0     100       0       0       0       0       0       0       0       0       0       0       0       0       0       0       0
      47     10000  4000.000     10000  4000.000     10000  4000.000       0       0       0       0     100       0     100       0     100       0       0       0       0       0       0       0       0       0       0       0       0       0       0       0
      48     10000  4000.000     10000  4000.000     10000  4000.000       0       0       0       0     100       0     100       0     100       0       0       0       0       0       0       0       0       0       0       0       0       0       0       0
      49     10000  4000.000     10000  4000.000     10000  4000.000       0       0       0       0     100       0     100       0     100       0       0       0       0       0       0       0       0       0       0       0       0       0       0       0
      50     10000  4000.000     10000  4000.000     10000  4000.000       0       0       0       0     100       0     100       0     100       0       0       0       0       0       0       0       0       0       0       0       0       0       0       0
      51     10000  4000.000     10000  4000.000     10000  4000.000       0       0       0       0     100       0     100       0     100       0       0       0       0       0       0       0       0       0       0       0       0       0       0       0
      52     10000  4000.000     10000  4000.000     10000  4000.000       0       0       0       0     100       0     100       0     100       0       0       0       0       0       0       0       0       0       0       0       0       0       0       0
      53     10000  4000.000     10000  4000.000     10000  4000.000       0       0       0       0     100       0     100       0     100       0       0       0       0       0       0       0       0       0       0       0       0       0       0       0
      54     10000  4000.000     10000  4000.000     10000  4000.000       0       0       0       0     100       0     100       0     100       0       0       0       0       0       0       0       0       0       0       0       0       0       0       0
      55     10000  4000.000     10000  4000.000     10000  4000.000       0       0       0       0     100       0     100       0     100       0       0       0       0       0       0       0       0       0       0       0       0       0       0       0
      56     10000  4000.000     10000  4000.000     10000  4000.000       0       0       0       0     100       0     100       0     100       0       0       0       0       0       0       0       0       0       0       0       0       0       0       0
      57     10000  4000.000     10000  4000.000     10000  4000.000       0       0       0       0     100       0     100       0     100       0       0       0       0       0       0       0       0       0       0       0       0       0       0       0
      58     10000  4000.000     10000  4000.000     10000  4000.000       0       0       0       0     100       0     100       0     100       0       0       0       0       0       0       0       0       0       0       0       0       0       0       0
      59     10000  4000.000     10000  4000.000     10000  4000.000       0       0       0       0     100       0     100       0     100       0       0       0       0       0       0       0       0       0       0       0       0       0       0       0
      60     10000  4000.000     10000  4000.000     10000  4000.000       0       0       0       0     100       0     100       0     100       0       0       0       0       0       0       0       0       0       0       0       0       0       0       0
      61     10000  4000.000     10000  4000.000     10000  4000.000       0       0       0       0     100       0     100       0     100       0       0       0       0       0       0       0       0       0       0       0       0       0       0       0
      62     10000  4000.000     10000  4000.000     10000  4000.000       0       0       0       0     100       0     100       0     100       0       0       0       0       0       0       0       0       0       0       0       0       0       0       0
      63     10000  4000.000     10000  4000.000     10000  4000.000       0       0       0       0     100       0     100       0     100       0       0       0       0       0       0       0       0       0       0       0       0       0       0       0
      64     10000  4000.000     10000  4000.000     10000  4000.000       0       0       0       0     100       0     100       0     100       0       0       0       0       0       0       0       0       0       0       0       0       0       0       0
      65     10000  4000.000     10000  4000.000     10000  4000.000       0       0       0       0     100       0     100       0     100       0       0       0       0       0       0       0       0       0       0       0       0       0       0       0
      66     10000  4000.000     10000  4000.000     10000  4000.000       0       0       0       0     100       0     100       0     100       0       0       0       0       0       0       0       0       0       0       0       0       0       0       0
      67     10000  4000.000     10000  4000.000     10000  4000.000       0       0       0       0     100       0     100       0     100       0       0       0       0       0       0       0       0       0       0       0       0       0       0       0
      68     10000  4000.000     10000  4000.000     10000  4000.000       0       0       0       0     100       0     100       0     100       0       0       0       0       0       0       0       0       0       0       0       0       0       0       0
      69     10000  4000.000     10000  4000.000     10000  4000.000       0       0       0       0     100       0     100       0     100       0       0       0       0       0       0       0       0       0       0       0       0       0       0       0
      70     10000  4000.000     10000  4000.000     10000  4000.000       0       0       0       0     100       0     100       0     100       0       0       0       0       0       0       0       0       0       0       0       0       0       0       0
      71     10000  4000.000     10000  4000.000     10000  4000.000       0       0       0       0     100       0     100       0     100       0       0       0       0       0       0       0       0       0       0       0       0       0       0       0
      72     10000  4000.000     10000  4000.000     10000  4000.000       0       0       0       0     100       0     100       0     100       0       0       0       0       0       0       0       0       0       0       0       0       0       0       0
      73     10000  4000.000     10000  4000.000     10000  4000.000       0       0       0       0     100       0     100       0     100       0       0       0       0       0       0       0       0       0       0       0       0       0       0       0
      74     10000  4000.000     10000  4000.000     10000  4000.000       0       0       0       0     100       0     100       0     100       0       0       0       0       0       0       0       0       0       0       0       0       0       0       0
      75     10000  4000.000     10000  4000.000     10000  4000.000       0       0       0       0     100       0     100       0     100       0       0       0       0       0       0       0       0       0       0       0       0       0       0       0
      76     10000  4000.000     10000  4000.000     10000  4000.000       0       0       0       0     100       0     100       0     100       0       0       0       0       0       0       0       0       0       0       0       0       0       0       0
      77     10000  4000.000     10000  4000.000     10000  4000.000       0       0       0       0     100       0     100       0     100       0       0       0       0       0       0       0       0       0       0       0       0       0       0       0
      78     10000  4000.000     10000  4000.000     10000  4000.000       0       0       0       0     100       0     100       0     100       0       0       0       0       0       0       0       0       0       0       0       0       0       0       0
      79     10000  4000.000     10000  4000.000     10000  4000.000       0       0       0       0     100       0     100       0     100       0       0       0       0       0       0       0       0       0       0       0       0       0       0       0
      80     10000  4000.000     10000  4000.000     10000  4000.000       0       0       0       0     100       0     100       0     100       0       0       0       0       0       0       0       0       0       0       0       0       0       0       0
      81     10000  4000.000     10000  4000.000     10000  4000.000       0       0       0       0     100       0     100       0     100       0       0       0       0       0       0       0       0       0       0       0       0       0       0       0
      82     10000  4000.000     10000  4000.000     10000  4000.000       0       0       0       0     100       0     100       0     100       0       0       0       0       0       0       0       0       0       0       0       0       0       0       0
      83     10000  4000.000     10000  4000.000     10000  4000.000       0       0       0       0     100       0     100       0     100       0       0       0       0       0       0       0       0       0       0       0       0       0       0       0
      84     10000  4000.000     10000  4000.000     10000  4000.000       0       0       0       0     100       0     100       0     100       0       0       0       0       0       0       0       0       0       0       0       0       0       0       0
      85     10000  4000.000     10000  4000.000     10000  4000.000       0       0       0       0     100       0     100       0     100       0       0       0       0       0       0       0       0       0       0       0       0       0       0       0
      86     10000  4000.000     10000  4000.000     10000  4000.000       0       0       0       0     100       0     100       0     100       0       0       0       0       0       0       0       0       0       0       0       0       0       0       0
      87     10000  4000.000     10000  4000.000     10000  4000.000       0       0       0       0     100       0     100       0     100       0       0       0       0       0       0       0       0       0       0       0       0       0       0       0
      88     10000  4000.000     10000  4000.000     10000  4000.000       0       0       0       0     100       0     100       0     100       0       0       0       0       0       0       0       0       0       0       0       0       0       0       0
      89     10000  4000.000     10000  4000.000     10000  4000.000       0       0       0       0     100       0     100       0     100       0       0       0       0       0       0       0       0       0       0       0       0       0       0       0
      90     10000  4000.000     10000  4000.000     10000  4000.000       0       0       0       0     100       0     100       0     100       0       0       0       0       0       0       0       0       0       0       0       0       0       0       0
      91     10000  4000.000     10000  4000.000     10000  4000.000       0       0       0       0     100       0     100       0     100       0       0       0       0       0       0       0       0       0       0       0       0       0       0       0
      92     10000  4000.000     10000  4000.000     10000  4000.000       0       0       0       0     100       0     100       0     100       0       0       0       0       0       0       0       0       0       0       0       0       0       0       0
      93     10000  4000.000     10000  4000.000     10000  4000.000       0       0       0       0     100       0     100       0     100       0       0       0       0       0       0       0       0       0       0       0       0       0       0       0
      94     10000  4000.000     10000  4000.000     10000  4000.000       0       0       0       0     100       0     100       0     100       0       0       0       0       0       0       0       0       0       0       0       0       0       0       0
      95     10000  4000.000     10000  4000.000     10000  4000.000       0       0       0       0     100       0     100       0     100       0       0       0       0       0       0       0       0       0       0       0       0       0       0       0
      96     10000  4000.000     10000  4000.000     10000  4000.000       0       0       0       0     100       0     100       0     100       0       0       0       0       0       0       0       0       0       0       0       0       0       0       0
      97     10000  4000.000     10000  4000.000     10000  4000.000       0       0       0       0     100       0     100       0     100       0       0       0       0       0       0       0       0       0       0       0       0       0       0       0
      98     10000  4000.000     10000  4000.000     10000  4000.000       0       0       0       0     100       0     100       0     100       0       0       0       0       0       0       0       0       0       0       0       0       0       0       0
      99     10000  4000.000     10000  4000.000     10000  4000.000       0       0       0       0     100       0     100       0     100       0       0       0       0       0       0       0       0       0       0       0       0       0       0       0
     100     10000  4000.000     10000  4000.000     10000  4000.000       0       0       0       0     100       0     100       0     100       0       0       0       0       0       0       0       0       0       0       0       0       0       0       0
     101     10000  4000.000     10000  4000.000     10000  4000.000       0       0       0       0     100       0     100       0     100       0       0       0       0       0       0       0       0       0       0       0       0       0       0       0
     102     10000  4000.000     10000  4000.000     10000  4000.000       0       0       0       0     100       0     100       0     100       0       0       0       0       0       0       0       0       0       0       0       0       0       0       0
     103     10000  4000.000     10000  4000.000     10000  4000.000       0       0       0       0     100       0     100       0     100       0       0       0       0       0       0       0       0       0       0       0       0       0       0       0
     104     10000  4000.000     10000  4000.000     10000  4000.000       0       0       0       0     100       0     100       0     100       0       0       0       0       0       0       0       0       0       0       0       0       0       0       0
     105     10000  4000.000     10000  4000.000     10000  4000.000       0       0       0       0     100       0     100       0     100       0       0       0       0       0       0       0       0       0       0       0       0       0       0       0
     106     10000  4000.000     10000  4000.000     10000  4000.000       0       0       0       0     100       0     100       0     100       0       0       0       0       0       0       0       0       0       0       0       0       0       0       0
     107     10000  4000.000     10000  4000.000     10000  4000.000       0       0       0       0     100       0     100       0     100       0       0       0       0       0       0       0       0       0       0       0       0       0       0       0
     108     10000  4000.000     10000  4000.000     10000  4000.000       0       0       0       0     100       0     100       0     100       0       0       0       0       0       0       0       0       0       0       0       0       0       0       0
     109     10000  4000.000     10000  4000.000     10000  4000.000       0       0       0       0     100       0     100       0     100       0       0       0       0       0       0       0       0       0       0       0       0       0       0       0
     110     10000  4000.000     10000  4000.000     10000  4000.000       0       0       0       0     100       0     100       0     100       0       0       0       0       0       0       0       0       0       0       0       0       0       0       0
     111     10000  4000.000     10000  4000.000     10000  4000.000       0       0       0       0     100       0     100       0     100       0       0       0       0       0       0       0       0       0       0       0       0       0       0       0
     112     10000  4000.000     10000  4000.000     10000  4000.000       0       0       0       0     100       0     100       0     100       0       0       0       0       0       0       0       0       0       0       0       0       0       0       0
     113     10000  4000.000     10000  4000.000     10000  4000.000       0       0       0       0     100       0     100       0     100       0       0       0       0       0       0       0       0       0       0       0       0       0       0       0
     114     10000  4000.000     10000  4000.000     10000  4000.000       0       0       0       0     100       0     100       0     100       0       0       0       0       0       0       0       0       0       0       0       0       0       0       0
     115     10000  4000.000     10000  4000.000     10000  4000.000       0       0       0       0     100       0     100       0     100       0       0       0       0       0       0       0       0       0       0       0       0       0       0       0
     116     10000  4000.000     10000  4000.000     10000  4000.000       0       0       0       0     100       0     100       0     100       0       0       0       0       0       0       0       0       0       0       0       0       0       0       0
     117     10000  4000.000     10000  4000.000     10000  4000.000       0       0       0       0     100       0     100       0     100       0       0       0       0       0       0       0       0       0       0       0       0       0       0       0
     118     10000  4000.000     10000  4000.000     10000  4000.000       0       0       0       0     100       0     100       0     100       0       0       0       0       0       0       0       0       0       0       0       0       0       0       0
     119     10000  4000.000     10000  4000.000     10000  4000.000       0       0       0       0     100       0     100       0     100       0       0       0       0       0       0       0       0       0       0       0       0       0       0       0
     120     10000  4000.000     10000  4000.000     10000  4000.000       0       0       0       0     100       0     100       0     100       0       0       0       0       0       0       0       0       0       0       0       0       0       0       0
     121     10000  4000.000     10000  4000.000     10000  4000.000       0       0       0       0     100       0     100       0     100       0       0       0       0       0       0       0       0       0       0       0       0       0       0       0
     122     10000  4000.000     10000  4000.000     10000  4000.000       0       0       0       0     100       0     100       0     100       0       0       0       0       0       0       0       0       0       0       0       0       0       0       0
     123     10000  4000.000     10000  4000.000     10000  4000.000       0       0       0       0     100       0     100       0     100       0       0       0       0       0       0       0       0       0       0       0       0       0       0       0
     124     10000  4000.000     10000  4000.000     10000  4000.000       0       0       0       0     100       0     100       0     100       0       0       0       0       0       0       0       0       0       0       0       0       0       0       0
     125     10000  4000.000     10000  4000.000     10000  4000.000       0       0       0       0     100       0     100       0     100       0       0       0       0       0       0       0       0       0       0       0       0       0       0       0
     126     10000  4000.000     10000  4000.000     10000  4000.000       0       0       0       0     100       0     100       0     100       0       0       0       0       0       0       0       0       0       0       0       0       0       0       0
     127     10000  4000.000     10000  4000.000     10000  4000.000       0       0       0       0     100       0     100       0     100       0       0       0       0       0       0       0       0       0       0       0       0       0       0       0
     128     10000  4000.000     10000  4000.000     10000  4000.000       0       0       0       0     100       0     100       0     100       0       0       0       0       0       0       0       0       0       0       0       0       0       0       0
     129     10000  4000.000     10000  4000.000     10000  4000.000       0       0       0       0     100       0     100       0     100       0       0       0       0       0       0       0       0       0       0       0       0       0       0       0
     130     10000  4000.000     10000  4000.000     10000  4000.000       0       0       0       0     100       0     100       0     100       0       0       0       0       0       0       0       0       0       0       0       0       0       0       0
     131     10000  4000.000     10000  4000.000     10000  4000.000       0       0       0       0     100       0     100       0     100       0       0       0       0       0       0       0       0       0       0       0       0       0       0       0
     132     10000  4000.000     10000  4000.000     10000  4000.000       0       0       0       0     100       0     100       0     100       0       0       0       0       0       0       0       0       0       0       0       0       0       0       0
     133     10000  4000.000     10000  4000.000     10000  4000.000       0       0       0       0     100       0     100       0     100       0       0       0       0       0       0       0       0       0       0       0       0       0       0       0
     134     10000  4000.000     10000  4000.000     10000  4000.000       0       0       0       0     100       0     100       0     100       0       0       0       0       0       0       0       0       0       0       0       0       0       0       0
     135     10000  4000.000     10000  4000.000     10000  4000.000       0       0       0       0     100       0     100       0     100       0       0       0       0       0       0       0       0       0       0       0       0       0       0       0
     136     10000  4000.000     10000  4000.000     10000  4000.000       0       0       0       0     100       0     100       0     100       0       0       0       0       0       0       0       0       0       0       0       0       0       0       0
     137     10000  4000.000     10000  4000.000     10000  4000.000       0       0       0       0     100       0     100       0     100       0       0       0       0       0       0       0       0       0       0       0       0       0       0       0
     138     10000  4000.000     10000  4000.000     10000  4000.000       0       0       0       0     100       0     100       0     100       0       0       0       0       0       0       0       0       0       0       0       0       0       0       0
     139     10000  4000.000     10000  4000.000     10000  4000.000       0       0       0       0     100       0     100       0     100       0       0       0       0       0       0       0       0       0       0       0       0       0       0       0
     140     10000  4000.000     10000  4000.000     10000  4000.000       0       0       0       0     100       0     100       0     100       0       0       0       0       0       0       0       0       0       0       0       0       0       0       0
     141     10000  4000.000     10000  4000.000     10000  4000.000       0       0       0       0     100       0     100       0     100       0       0       0       0       0       0       0       0       0       0       0       0       0       0       0
     142     10000  4000.000     10000  4000.000     10000  4000.000       0       0       0       0     100       0     100       0     100       0       0       0       0       0       0       0       0       0       0       0       0       0       0       0
     143     10000  4000.000     10000  4000.000     10000  4000.000       0       0       0       0     100       0     100       0     100       0       0       0       0       0       0       0       0       0       0       0       0       0       0       0
     144     10000  4000.000     10000  4000.000     10000  4000.000       0       0       0       0     100       0     100       0     100       0       0       0       0       0       0       0       0       0       0       0       0       0       0       0
     145     10000  4000.000     10000  4000.000     10000  4000.000       0       0       0       0     100       0     100       0     100       0       0       0       0       0       0       0       0       0       0       0       0       0       0       0
     146     10000  4000.000     10000  4000.000     10000  4000.000       0       0       0       0     100       0     100       0     100       0       0       0       0       0       0       0       0       0       0       0       0       0       0       0
     147     10000  4000.000     10000  4000.000     10000  4000.000       0       0       0       0     100       0     100       0     100       0       0       0       0       0       0       0       0       0       0       0       0       0       0       0
     148     10000  4000.000     10000  4000.000     10000  4000.000       0       0       0       0     100       0     100       0     100       0       0       0       0       0       0       0       0       0       0       0       0       0       0       0
     149     10000  4000.000     10000  4000.000     10000  4000.000       0       0       0       0     100       0     100       0     100       0       0       0       0       0       0       0       0       0       0       0       0       0       0       0
     150     10000  4000.000     10000  4000.000     10000  4000.000       0       0       0       0     100       0     100       0     100       0       0       0       0       0       0       0       0       0       0       0       0       0       0       0
     151     10000  4000.000     10000  4000.000     10000  4000.000       0       0       0       0     100       0     100       0     100       0       0       0       0       0       0       0       0       0       0       0       0       0       0       0
     152     10000  4000.000     10000  4000.000     10000  4000.000       0       0       0       0     100       0     100       0     100       0       0       0       0       0       0       0       0       0       0       0       0       0       0       0
     153     10000  4000.000     10000  4000.000     10000  4000.000       0       0       0       0     100       0     100       0     100       0       0       0       0       0       0       0       0       0       0       0       0       0       0       0
     154     10000  4000.000     10000  4000.000     10000  4000.000       0       0       0       0     100       0     100       0     100       0       0       0       0       0       0       0       0       0       0       0       0       0       0       0
     155     10000  4000.000     10000  4000.000     10000  4000.000       0       0       0       0     100       0     100       0     100       0       0       0       0       0       0       0       0       0       0       0       0       0       0       0
     156     10000  4000.000     10000  4000.000     10000  4000.000       0       0       0       0     100       0     100       0     100       0       0       0       0       0       0       0       0       0       0       0       0       0       0       0
     157     10000  4000.000     10000  4000.000     10000  4000.000       0       0       0       0     100       0     100       0     100       0       0       0       0       0       0       0       0       0       0       0       0       0       0       0
     158     10000  4000.000     10000  4000.000     10000  4000.000       0       0       0       0     100       0     100       0     100       0       0       0       0       0       0       0       0       0       0       0       0       0       0       0
     159     10000  4000.000     10000  4000.000     10000  4000.000       0       0       0       0     100       0     100       0     100       0       0       0       0       0       0       0       0       0       0       0       0       0       0       0
     160     10000  4000.000     10000  4000.000     10000  4000.000       0       0       0       0     100       0     100       0     100       0       0       0       0       0       0       0       0       0       0       0       0       0       0       0
     161     10000  4000.000     10000  4000.000     10000  4000.000       0       0       0       0     100       0     100       0     100       0       0       0       0       0       0       0       0       0       0       0       0       0       0       0
     162     10000  4000.000     10000  4000.000     10000  4000.000       0       0       0       0     100       0     100       0     100       0       0       0       0       0       0       0       0       0       0       0       0       0       0       0
     163     10000  4000.000     10000  4000.000     10000  4000.000       0       0       0       0     100       0     100       0     100       0       0       0       0       0       0       0       0       0       0       0       0       0       0       0
     164     10000  4000.000     10000  4000.000     10000  4000.000       0       0       0       0     100       0     100       0     100       0       0       0       0       0       0       0       0       0       0       0       0       0       0       0
     165     10000  4000.000     10000  4000.000     10000  4000.000       0       0       0       0     100       0     100       0     100       0       0       0       0       0       0       0       0       0       0       0       0       0       0       0
     166     10000  4000.000     10000  4000.000     10000  4000.000       0       0       0       0     100       0     100       0     100       0       0       0       0       0       0       0       0       0       0       0       0       0       0       0
     167     10000  4000.000     10000  4000.000     10000  4000.000       0       0       0       0     100       0     100       0     100       0       0       0       0       0       0       0       0       0       0       0       0       0       0       0
     168     10000  4000.000     10000  4000.000     10000  4000.000       0       0       0       0     100       0     100       0     100       0       0       0       0       0       0       0       0       0       0       0       0       0       0       0
     169     10000  4000.000     10000  4000.000     10000  4000.000       0       0       0       0     100       0     100       0     100       0       0       0       0       0       0       0       0       0       0       0       0       0       0       0
     170     10000  4000.000     10000  4000.000     10000  4000.000       0       0       0       0     100       0     100       0     100       0       0       0       0       0       0       0       0       0       0       0       0       0       0       0
     171     10000  4000.000     10000  4000.000     10000  4000.000       0       0       0       0     100       0     100       0     100       0       0       0       0       0       0       0       0       0       0       0       0       0       0       0
     172     10000  4000.000     10000  4000.000     10000  4000.000       0       0       0       0     100       0     100       0     100       0       0       0       0       0       0       0       0       0       0       0       0       0       0       0
     173     10000  4000.000     10000  4000.000     10000  4000.000       0       0       0       0     100       0     100       0     100       0       0       0       0       0       0       0       0       0       0       0       0       0       0       0
     174     10000  4000.000     10000  4000.000     10000  4000.000       0       0       0       0     100       0     100       0     100       0       0       0       0       0       0       0       0       0       0       0       0       0       0       0
     175     10000  4000.000     10000  4000.000     10000  4000.000       0       0       0       0     100       0     100       0     100       0       0       0       0       0       0       0       0       0       0       0       0       0       0       0
     176     10000  4000.000     10000  4000.000     10000  4000.000       0       0       0       0     100       0     100       0     100       0       0       0       0       0       0       0       0       0       0       0       0       0       0       0
     177     10000  4000.000     10000  4000.000     10000  4000.000       0       0       0       0     100       0     100       0     100       0       0       0       0       0       0       0       0       0       0       0       0       0       0       0
     178     10000  4000.000     10000  4000.000     10000  4000.000       0       0       0       0     100       0     100       0     100       0       0       0       0       0       0       0       0       0       0       0       0       0       0       0
     179     10000  4000.000     10000  4000.000     10000  4000.000       0       0       0       0     100       0     100       0     100       0       0       0       0       0       0       0       0       0       0       0       0       0       0       0
     180     10000  4000.000     10000  4000.000     10000  4000.000       0       0       0       0     100       0     100       0     100       0       0       0       0       0       0       0       0       0       0       0       0       0       0       0
     181     10000  4000.000     10000  4000.000     10000  4000.000       0       0       0       0     100       0     100       0     100       0       0       0       0       0       0       0       0       0       0       0       0       0       0       0
     182     10000  4000.000     10000  4000.000     10000  4000.000       0       0       0       0     100       0     100       0     100       0       0       0       0       0       0       0       0       0       0       0       0       0       0       0
     183     10000  4000.000     10000  4000.000     10000  4000.000       0       0       0       0     100       0     100       0     100       0       0       0       0       0       0       0       0       0       0       0       0       0       0       0
     184     10000  4000.000     10000  4000.000     10000  4000.000       0       0       0       0     100       0     100       0     100       0       0       0       0       0       0       0       0       0       0       0       0       0       0       0
     185     10000  4000.000     10000  4000.000     10000  4000.000       0       0       0       0     100       0     100       0     100       0       0       0       0       0       0       0       0       0       0       0       0       0       0       0
     186     10000  4000.000     10000  4000.000     10000  4000.000       0       0       0       0     100       0     100       0     100       0       0       0       0       0       0       0       0       0       0       0       0       0       0       0
     187     10000  4000.000     10000  4000.000     10000  4000.000       0       0       0       0     100       0     100       0     100       0       0       0       0       0       0       0       0       0       0       0       0       0       0       0
     188     10000  4000.000     10000  4000.000     10000  4000.000       0       0       0       0     100       0     100       0     100       0       0       0       0       0       0       0       0       0       0       0       0       0       0       0
     189     10000  4000.000     10000  4000.000     10000  4000.000       0       0       0       0     100       0     100       0     100       0       0       0       0       0       0       0       0       0       0       0       0       0       0       0
     190     10000  4000.000     10000  4000.000     10000  4000.000       0       0       0       0     100       0     100       0     100       0       0       0       0       0       0       0       0       0       0       0       0       0       0       0
     191     10000  4000.000     10000  4000.000     10000  4000.000       0       0       0       0     100       0     100       0     100       0       0       0       0       0       0       0       0       0       0       0       0       0       0       0
     192     10000  4000.000     10000  4000.000     10000  4000.000       0       0       0       0     100       0     100       0     100       0       0       0       0       0       0       0       0       0       0       0       0       0       0       0
     193     10000  4000.000     10000  4000.000     10000  4000.000       0       0       0       0     100       0     100       0     100       0       0       0       0       0       0       0       0       0       0       0       0       0       0       0
     194     10000  4000.000     10000  4000.000     10000  4000.000       0       0       0       0     100       0     100       0     100       0       0       0       0       0       0       0       0       0       0       0       0       0       0       0
     195     10000  4000.000     10000  4000.000     10000  4000.000       0       0       0       0     100       0     100       0     100       0       0       0       0       0       0       0       0       0       0       0       0       0       0       0
     196     10000  4000.000     10000  4000.000     10000  4000.000       0       0       0       0     100       0     100       0     100       0       0       0       0       0       0       0       0       0       0       0       0       0       0       0
     197     10000  4000.000     10000  4000.000     10000  4000.000       0       0       0       0     100       0     100       0     100       0       0       0       0       0       0       0       0       0       0       0       0       0       0       0
     198     10000  4000.000     10000  4000.000     10000  4000.000       0       0       0       0     100       0     100       0     100       0       0       0       0       0       0       0       0       0       0       0       0       0       0       0
     199     10000  4000.000     10000  4000.000     10000  4000.000       0       0       0       0     100       0     100       0     100       0       0       0       0       0       0       0       0       0       0       0       0       0       0       0
     200     10000  4000.000     10000  4000.000     10000  4000.000       0       0       0       0     100       0     100       0     100       0       0       0       0       0       0       0       0       0       0       0       0       0       0       0
